X <- structure(c(1, 1, 1, 1, 1, 1, 1, 1, 1, 1, 1, 1, 1, 1, 1, 1, 1, 
                 1, 1, 1, 1, 1, 1, 1, 1, 1, 1, 1, 1, 1, 1, 1, 1, 1, 1, 1, 1, 1, 
                 1, 1, 1, 1, 1, 1, 1, 1, 1, 1, 1, 1, 1, 1, 1, 1, 1, 1, 1, 1, 1, 
                 1, 1, 1, 1, 1, 1, 1, 1, 1, 1, 1, 1, 1, 1, 1, 1, 1, 1, 1, 1, 1, 
                 1, 1, 1, 1, 1, 1, 1, 1, 1, 1, 1, 1, 1, 1, 1, 1, 1, 1, 1, 1, 1, 
                 1, 1, 1, 1, 1, 1, 1, 1, 1, 1, 1, 1, 1, 1, 1, 1, 1, 1, 1, 1, 1, 
                 1, 1, 1, 1, 1, 1, 1, 1, 1, 1, 1, 1, 1, 1, 1, 1, 1, 1, 1, 1, 1, 
                 1, 1, 1, 1, 1, 1, 1, 1, 1, 1, 1, 1, 1, 1, 1, 1, 1, 1, 1, 1, 1, 
                 1, 1, 1, 1, 1, 1, 1, 1, 1, 1, 1, 1, 1, 1, 1, 1, 1, 1, 1, 1, 1, 
                 1, 1, 1, 1, 1, 1, 1, 1, 1, 1, 1, 1, 1, 1, 1, 1, 1, 1, 1, 1, 1, 
                 1, 1, 1, 1, 1, 1, 1, 1, 1, 1, 1, 1, 1, 1, 1, 1, 1, 1, 1, 1, 1, 
                 1, 1, 1, 1, 1, 1, 1, 1, 1, 1, 1, 1, 1, 1, 1, 1, 1, 1, 1, 1, 1, 
                 1, 1, 1, 1, 1, 1, 1, 1, 1, 1, 1, 1, 1, 1, 1, 1, 1, 1, 1, 1, 1, 
                 1, 1, 1, 1, 1, 1, 1, 1, 1, 1, 1, 1, 1, 1, 1, 1, 1, 1, 1, 1, 1, 
                 1, 1, 1, 1, 1, 1, 1, 1, 1, 1, 1, 1, 1, 1, 1, 1, 1, 1, 1, 1, 1, 
                 1, 1, 1, 1, 1, 1, 1, 1, 1, 1, 1, 1, 1, 1, 1, 1, 1, 1, 1, 1, 1, 
                 1, 1, 1, 1, 1, 1, 1, 1, 1, 1, 1, 1, 1, 1, 1, 1, 1, 1, 1, 1, 1, 
                 1, 1, 1, 1, 1, 1, 1, 1, 1, 1, 1, 1, 1, 1, 1, 1, 1, 1, 1, 1, 1, 
                 1, 1, 1, 1, 1, 1, 1, 1, 1, 1, 1, 1, 1, 1, 1, 1, 1, 1, 1, 1, 1, 
                 1, 1, 1, 1, 1, 1, 1, 1, 1, 1, 1, 1, 1, 1, 1, 1, 1, 1, 1, 1, 1, 
                 1, 1, 1, 1, 1, 1, 1, 1, 1, 1, 1, 1, 1, 1, 1, 1, 1, 1, 1, 1, 1, 
                 1, 1, 1, 1, 1, 1, 1, 1, 1, 1, 1, 1, 1, 1, 1, 1, 1, 1, 1, 1, 1, 
                 1, 1, 1, 1, 1, 1, 1, 1, 1, 1, 1, 1, 1, 1, 1, 1, 1, 1, 1, 1, 1, 
                 1, 1, 1, 1, 1, 1, 1, 1, 1, 1, 1, 1, 1, 1, 1, 1, 1, 1, 1, 1, 1, 
                 -0.396207432723122, -1.08492337281289, -1.04474089864156, 1.50683492401309, 
                 -1.21371268190179, -0.430397495841243, 1.00362481361493, 0.911841138075434, 
                 0.24026259530379, 0.147582869651652, -0.417325710309146, 0.362487400192177, 
                 -0.972959889545722, 0.578760833191262, 0.250638386376445, -1.17564099722305, 
                 0.867797412074692, -0.073959458714238, 0.431815939541004, -1.22597104117411, 
                 -0.329246134227853, -0.816872383596006, 1.52444098105106, -1.96962464825657, 
                 0.376064061135, -0.633959499187775, 0.650721117333027, -0.92437929039699, 
                 0.245936560543078, -1.20997673757369, 0.0518724706470063, 1.16184602243811, 
                 1.20654529258628, 2.4083798716928, 0.559922524694464, -1.04444031190083, 
                 -0.387771820113198, -0.772520440144028, -2.21671373146376, -0.61046515557413, 
                 0.709810169464781, 0.777582066264114, -1.00904654869062, 2.37862717996079, 
                 0.835654112563832, -0.661449362219915, 0.49345905180968, -0.167837558057347, 
                 1.27931662315193, -0.200642261885102, 0.181945903256233, -0.257388705259308, 
                 1.32512588675293, -2.87536874205219, 0.751878388294305, -0.768567290651999, 
                 -0.583498370108157, -0.57472050208333, -0.857066009165231, -1.08649972531122, 
                 -0.310505918283925, 1.54159272750062, -0.243365993674139, 1.83915732964664, 
                 0.679302419584893, 1.14926176388652, 1.17919630609935, -2.05691693152055, 
                 -0.181739405868772, 0.939843090403762, -0.0127316920714056, -1.43988980898481, 
                 -0.294608166562614, -0.363521004944728, 0.74074173803333, -1.74516304402052, 
                 0.109982694554601, -0.917337490793787, -1.46947554054924, -1.48651608379341, 
                 -0.235806613827595, -0.795020225614329, 0.197722737634172, -0.766226669290243, 
                 1.26259368183602, 0.686350683621357, 0.279916916269813, -0.789424447180457, 
                 0.905189763873741, -1.56848597334775, -0.672692848780015, -0.461725630744557, 
                 1.63413916510862, -0.0147380049441193, 0.904952623179685, 0.090611353367912, 
                 -0.559983902786304, 0.425376298443658, 0.389317266258413, 1.58514271281927, 
                 -2.25681846243856, 0.0594536153351671, 1.1506308797045, 0.198350880103332, 
                 -0.494559066755816, -1.19195433311177, 0.249906853607686, 0.588051334278138, 
                 0.464859772915399, -0.285693148140426, -0.0379400191459585, 0.643137802234871, 
                 1.6138658443355, -0.754562202501411, -1.127515003329, -0.727981152979584, 
                 -0.968534511165393, -1.87549349031448, -0.207130715776786, 0.616263724303853, 
                 -2.66521533152824, -0.0801304026910347, -0.778045690361133, 0.00605856366880791, 
                 0.931077012661198, -0.648182528497206, 1.37669713159519, -0.830252400390339, 
                 0.417612228432571, -0.448312705261883, 0.2762337126484, 1.03560860650743, 
                 -0.292852080129608, 0.0851025129616199, -0.907977751265099, 0.762952635471787, 
                 -2.19558276238765, 1.95684422999671, -1.68329417149636, 0.168815626692973, 
                 -0.229702194896359, -0.515782501663446, -0.640144379469666, -0.418036876322813, 
                 -0.814702155047007, -0.0709872772262218, 0.973792191488854, 0.45612795374683, 
                 1.16989559434929, 0.51638327337354, -0.577328751618422, 0.26222287972241, 
                 -0.0497803874315208, -1.11774765611501, 0.274151611256439, 1.90642130228394, 
                 0.887300410903045, -0.187888928289847, 0.587483391055471, 0.680944472333349, 
                 -0.138881315811613, -0.110408973987557, -1.03785583965416, -2.55990002499819, 
                 0.729095818674959, 0.423952186592295, -0.329044201112705, 1.28120783513599, 
                 0.413997472127515, -1.21463880281978, 1.3604133519359, 0.0716957048528971, 
                 1.94160064066842, -0.234380325144938, -0.217721855697138, -0.916574531925947, 
                 -0.451360970708358, -0.0937691131980448, 0.540154900324786, 0.0694240369803533, 
                 -1.64830987588935, -1.42577636738819, 0.599374405111699, 0.033598771280293, 
                 -0.445039087708885, 1.60073355148173, 0.933838401481983, 2.5010213339923, 
                 0.444414432250995, 1.08365855749073, -0.8021522083972, 0.222861972247702, 
                 0.244569557381975, 0.887929883873769, -0.0610373850894717, -0.852965826594054, 
                 -0.234812393593332, -0.266907235563035, -0.288169816609118, -0.581731302163042, 
                 -0.236149381334525, 0.69602529786334, 0.440970433080929, -1.06864667981547, 
                 -0.851614105136634, 0.117002085498945, 0.766808449151387, -0.432443654009888, 
                 0.0404518930101372, 0.924184957327135, -2.30563101852398, -0.000569230649201108, 
                 1.72085040679307, -1.81194124612053, 0.571721185635917, 0.586387355907963, 
                 -0.219057846916597, 0.928567940818765, 0.209311500447451, 0.650229931012481, 
                 2.15440338602783, -1.44133294854122, -0.728134054068741, -0.737926340183113, 
                 -0.82186998115964, -0.134878281557472, -1.35036300111854, -1.12387241413179, 
                 0.228579903929373, 0.616591649009296, 0.323592345762765, 0.894035212963589, 
                 1.16672026118776, -1.81790759957155, 1.4444132390179, -1.07234426306097, 
                 1.43701055723749, -0.191900344928901, 0.132125210643493, 0.79414857127007, 
                 -0.2682898789387, 0.962396283892464, 0.263040705396215, 0.21528389980922, 
                 0.448801772940172, 0.518947807976122, 0.779080966787563, -0.11570924617946, 
                 -0.18413193953528, 0.292537929763516, 0.510692688868541, 0.403156465518276, 
